676 58 13 18 1 1
776 111 16 24 1 1
294 51 12 12 1 1
505 338 29 41 1 0
18 66 8 10 1 1
344 214 16 24 1 0
42 254 23 29 1 0
34 74 8 10 1 1
748 217 16 24 1 0
752 56 11 16 1 1
312 166 16 24 1 1
312 209 16 24 1 1
157 271 23 29 1 0
757 114 16 24 1 1
363 430 50 77 1 0
513 91 13 17 1 1
123 343 29 41 1 0
295 179 16 24 1 1
596 175 16 24 1 1
323 45 12 12 1 1
499 49 12 16 1 1
439 50 12 16 1 1
403 16 8 10 1 1
422 174 16 24 1 1
8 179 16 24 1 0
498 113 16 24 1 1
141 90 13 17 1 1
31 503 50 77 1 0
300 299 29 41 1 0
64 123 16 24 1 1
699 158 16 24 1 1
290 152 16 24 1 1
681 97 13 17 1 1
122 300 29 41 2 0
176 104 14 20 1 1
49 139 16 24 1 1
601 105 15 22 1 1
481 72 13 17 1 1
791 236 16 24 1 0
30 165 16 24 1 1
756 27 11 16 1 1
791 366 32 47 1 0
76 66 13 17 1 1
714 55 12 16 1 1
557 166 16 24 1 1
724 70 13 17 1 1
787 44 11 16 1 1
372 16 8 10 1 1
108 187 16 24 1 1
2 24 10 13 1 0
249 275 23 29 2 0
232 480 50 77 1 0
695 409 36 54 1 0
773 78 11 16 1 1
260 126 16 24 1 1
777 97 13 17 1 1
141 193 16 24 1 1
739 191 16 24 1 1
613 3 9 10 1 0
512 239 23 29 1 0
588 344 29 41 1 0
579 81 13 17 1 1
91 81 13 17 1 1
380 100 13 17 1 1
699 340 29 41 1 0
592 268 23 29 1 0
614 368 36 54 1 0
39 110 12 17 1 1
766 189 16 24 1 1
739 500 50 77 1 0
108 292 29 41 2 0
152 415 36 54 1 0
164 4 16 17 1 1
382 144 16 24 1 1
545 407 36 54 1 0
686 274 23 29 1 0
287 523 50 77 1 0
701 380 36 54 1 0
49 287 29 41 1 0
748 134 16 24 1 1
559 207 16 24 1 1
367 158 16 24 1 1
268 102 14 20 1 1
794 476 50 77 1 0
241 245 23 29 1 0
419 196 16 24 1 1
208 78 13 17 1 1
487 107 16 24 1 1
603 250 23 29 1 0
262 279 29 41 2 0
127 204 16 24 1 1
543 176 16 24 1 1
495 194 16 24 1 1
85 105 14 20 1 1
300 98 13 17 1 1
257 184 16 24 1 1
464 100 13 17 1 1
34 47 8 10 1 1
632 85 13 17 1 1
373 198 16 24 1 1
476 179 16 24 1 1
90 379 36 54 1 0
7 112 14 20 1 0
450 66 13 17 1 1
510 190 16 24 1 1
8 272 25 36 1 0
706 178 16 24 1 1
221 18 16 17 1 1
519 107 16 24 1 1
558 43 10 12 1 1
212 258 23 29 1 0
261 83 13 17 1 1
197 125 16 24 1 1
575 520 50 77 1 0
53 330 29 41 1 0
705 86 13 17 1 1
728 289 29 41 1 0
653 16 9 10 1 1
768 212 16 24 1 0
137 122 16 24 1 1
13 125 12 17 1 1
67 178 16 24 1 1
337 492 50 77 1 0
232 73 13 17 1 1
669 226 17 25 1 0
118 95 13 17 1 1
478 288 29 41 1 0
186 304 29 41 1 0
54 169 16 24 1 1
658 268 23 29 1 0
657 303 29 41 1 0
149 363 36 54 1 0
601 400 36 54 1 0
526 124 16 24 1 1
728 139 16 24 1 1
576 186 16 24 1 1
347 35 12 12 1 1
53 210 16 24 1 1
490 239 23 29 1 0
511 398 36 54 1 0
579 288 29 41 1 0
28 205 17 25 1 1
797 157 16 24 1 0
273 148 16 24 1 1
403 73 13 17 1 1
61 440 50 77 1 0
14 305 24 33 1 0
653 466 50 77 1 0
386 361 36 54 1 0
605 310 29 41 1 0
487 126 16 24 1 1
707 140 16 24 1 1
146 523 50 77 1 0
183 89 13 17 1 1
114 144 16 24 1 1
494 508 50 77 1 0
374 222 17 25 1 0
194 15 16 17 1 1
762 42 11 16 1 1
338 406 36 54 1 0
760 423 36 54 1 0
389 132 16 24 1 1
420 230 23 29 1 0
115 9 16 17 1 1
383 526 50 77 1 0
276 207 16 24 1 1
436 156 16 24 1 1
581 159 16 24 1 1
254 163 16 24 1 1
335 182 16 24 1 1
221 115 16 24 1 1
625 194 16 24 1 1
664 36 13 18 1 1
717 219 16 24 1 0
219 370 36 54 1 0
553 286 29 41 1 0
105 51 12 16 1 1
551 31 10 12 1 1
611 209 16 24 1 1
