    -5.00000000        0.10000004        2.00324661        2.00579595        2.00909502        2.01426787        2.03350588
    -4.90000000        0.10000005        2.00355486        2.00635579        2.00997683        2.01563974        2.03648912
    -4.80000000        0.10000005        2.00392030        2.00701545        2.01102026        2.01728975        2.04039988
    -4.70000000        0.10000006        2.00445516        2.00797924        2.01253256        2.01963748        2.04547081
    -4.60000000        0.10000007        2.00490304        2.00879720        2.01382602        2.02165835        2.04993736
    -4.50000000        0.10000008        2.00535369        2.00962176        2.01513270        2.02370414        2.05440750
    -4.40000000        0.10000010        2.00587281        2.01057621        2.01664098        2.02603817        2.05916599
    -4.30000000        0.10000011        2.00627235        2.01132449        2.01784026        2.02792714        2.06328927
    -4.20000000        0.10000013        2.00688938        2.01245437        2.01962308        2.03068532        2.06889133
    -4.10000000        0.10000015        2.00754222        2.01365618        2.02152752        2.03365018        2.07514855
    -4.00000000        0.10000017        2.00831734        2.01507888        2.02377088        2.03710961        2.08214420
    -3.90000000        0.10000020        2.00925350        2.01678796        2.02646617        2.04128325        2.09071443
    -3.80000000        0.10000024        2.01005182        2.01827925        2.02881512        2.04484260        2.09728724
    -3.70000000        0.10000027        2.01110173        2.02021516        2.03187221        2.04954841        2.10645260
    -3.60000000        0.10000034        2.01250277        2.02278921        2.03588232        2.05555578        2.11724548
    -3.50000000        0.10000041        2.01407546        2.02567389        2.04040728        2.06244666        2.13034296
    -3.40000000        0.10000050        2.01588231        2.02898284        2.04555530        2.07014345        2.14382207
    -3.30000000        0.10000061        2.01751455        2.03200958        2.05025933        2.07708375        2.15516954
    -3.20000000        0.10000076        2.01977615        2.03614749        2.05665337        2.08650783        2.17097299
    -3.10000000        0.10000094        2.02250368        2.04113948        2.06435716        2.09782122        2.18936987
    -3.00000000        0.10000119        2.02558743        2.04680458        2.07307355        2.11050101        2.20936831
    -2.90000000        0.10000163        2.03024762        2.05518623        2.08568038        2.12828779        2.23566887
    -2.80000000        0.10000217        2.03523969        2.06415914        2.09905794        2.14681409        2.26134109
    -2.70000000        0.10000285        2.04117162        2.07479963        2.11490997        2.16875523        2.29195093
    -2.60000000        0.10000383        2.04872468        2.08827699        2.13477039        2.19570462        2.32703347
    -2.50000000        0.10000544        2.05854122        2.10548662        2.15942438        2.22776448        2.36431684
    -2.40000000        0.10000828        2.07190641        2.12823520        2.19072614        2.26619558        2.40339764
    -2.30000000        0.10001240        2.08946787        2.15764273        2.23046835        2.31427304        2.45489469
    -2.20000000        0.10001982        2.11434013        2.19783513        2.28267828        2.37469232        2.51517168
    -2.10000000        0.10003428        2.15300928        2.25717653        2.35537093        2.45369652        2.58935602
    -2.00000000        0.10006042        2.20729088        2.33529483        2.44462428        2.54378393        2.66602957
    -1.90000000        0.10012462        2.30043878        2.45411278        2.56759222        2.65979054        2.76128347
    -1.80000000        0.10029208        2.46304601        2.63313113        2.73818980        2.81634062        2.89740635
    -1.70000000        0.10085441        2.74181775        2.88217393        2.95900438        3.01536323        3.06754981
    -1.60000000        0.10130098        3.16231614        3.24302498        3.28803331        3.32197779        3.34469917
    -1.50000000        0.10385695        3.69286199        3.69795295        3.69526854        3.68996874        3.66070816
    -1.40000000        0.10754902        4.36172842        4.16342271        4.03279318        3.90660291        3.68252556
    -1.30000000        0.11388208       22.13992949       19.68857057       18.15024825       16.91575069       15.13094074
    -1.20000000        0.11397741       27.62916047       24.79369540       22.87025779       21.26413979       18.88241296
    -1.10000000        0.11401184       31.77996252       29.00469917       26.88116045       25.02195031       22.17960093
    -1.00000000        0.11402061       33.35319548       30.78156214       28.66306610       26.74362257       23.70993539
    -0.90000000        0.11402775       35.14016880       32.98111466       30.95002321       28.98213877       25.71281372
    -0.80000000        0.11402991       35.69789223       33.70509617       31.72123068       29.74097943       26.37709594
    -0.70000000        0.11403383       37.04853462       35.61798710       33.90938148       32.01137106       28.46560554
    -0.60000000        0.11403402       37.07017615       35.65727145       33.95901467       32.06370899       28.50020420
    -0.50000000        0.11403445       37.21835126       35.88197867       34.22846284       32.35189010       28.76802326
    -0.40000000        0.11403560       37.67258037       36.58118775       35.08888548       33.30116782       29.68705298
    -0.30000000        0.11403633       38.01980993       37.15668443       35.85653854       34.22420546       30.66457550
    -0.20000000        0.11403637       38.02141383       37.16224334       35.86507988       34.23454912       30.67675857
    -0.10000000        0.11403627       37.98056806       37.09233497       35.76838604       34.11117270       30.52808649
     0.00000000        0.11403596       37.82550966       36.83310610       35.41691600       33.67839034       30.05083374
     0.10000000        0.11403571       37.71757173       36.65963580       35.19377133       33.42246168       29.79935919
     0.20000000        0.11403567       37.72231600       36.67492384       35.22998497       33.49306589       29.92893204
     0.30000000        0.11403558       37.69656966       36.63615016       35.18725470       33.45841372       29.93266584
     0.40000000        0.11403541       37.64397938       36.54303822       35.05749212       33.29422050       29.74917450
     0.50000000        0.11403358       36.92162547       35.43933548       33.70691658       31.80885392       28.30736430
     0.60000000        0.11403197       36.35026832       34.60301521       32.72427279       30.76593470       27.32721792
     0.70000000        0.11403117       36.10222119       34.24317240       32.30664085       30.32770700       26.92157910
     0.80000000        0.11402711       34.95061469       32.73783077       30.68481413       28.71066670       25.46636450
     0.90000000        0.11402207       33.68042855       31.15001668       29.02045044       27.07972053       24.02077165
     1.00000000        0.11401757       32.78850261       30.10310161       27.96054829       26.06149334       23.13550881
     1.10000000        0.11399771       29.65313943       26.76944816       24.73500970       23.01815404       20.45620646
     1.20000000        0.11395044       25.40491149       22.67524450       20.90580658       19.45721837       17.33375977
     1.30000000        0.11380550       19.43454790       17.28395478       15.96729164       14.90880428       13.37637698
     1.40000000        0.10751363        5.16155666        5.01426010        4.91546035        4.83828560        4.64392051
     1.50000000        0.10334929        3.57947511        3.60030990        3.60953200        3.61594454        3.61503456
     1.60000000        0.10151034        3.11380869        3.19691549        3.24487465        3.28508193        3.33482612
     1.70000000        0.10078593        2.71410842        2.86475655        2.95075597        3.01710328        3.09520046
     1.80000000        0.10026039        2.44042631        2.61377002        2.72705438        2.81688018        2.92416517
     1.90000000        0.10010695        2.28325674        2.43740248        2.55717839        2.66026059        2.79116751
     2.00000000        0.10005418        2.19863025        2.32511551        2.43687152        2.54310558        2.69010610
     2.10000000        0.10002880        2.14281606        2.24355181        2.34210338        2.44544065        2.60524864
     2.20000000        0.10001696        2.10962416        2.19179190        2.27763719        2.37422023        2.53850466
     2.30000000        0.10001084        2.08660371        2.15367307        2.22709155        2.31489207        2.48036715
     2.40000000        0.10000691        2.06898833        2.12389083        2.18642047        2.26514882        2.42766142
     2.50000000        0.10000476        2.05752460        2.10401392        2.15841700        2.22943793        2.38664644
     2.60000000        0.10000335        2.04810144        2.08737632        2.13429971        2.19751781        2.34678990
     2.70000000        0.10000242        2.04012147        2.07308524        2.11306303        2.16821588        2.30571494
     2.80000000        0.10000177        2.03401395        2.06204572        2.09646354        2.14492561        2.27148013
     2.90000000        0.10000132        2.02904167        2.05307666        2.08292043        2.12569279        2.24212441
     3.00000000        0.10000104        2.02564629        2.04685359        2.07336543        2.11182788        2.22012704
     3.10000000        0.10000082        2.02254843        2.04118103        2.06461611        2.09898955        2.19894310
     3.20000000        0.10000065        2.01991362        2.03632967        2.05709395        2.08788436        2.18008580
     3.30000000        0.10000051        2.01689404        2.03083753        2.04854179        2.07499730        2.15648598
     3.40000000        0.10000040        2.01500088        2.02732642        2.04304325        2.06673226        2.14160862
     3.50000000        0.10000034        2.01348361        2.02452898        2.03864363        2.06002490        2.12890860
     3.60000000        0.10000028        2.01209586        2.02198387        2.03466238        2.05399727        2.11759854
     3.70000000        0.10000024        2.01109890        2.02013043        2.03172394        2.04946610        2.10872428
     3.80000000        0.10000020        2.01004929        2.01820019        2.02868898        2.04482852        2.09982392
     3.90000000        0.10000017        2.00926219        2.01673950        2.02637195        2.04124220        2.09263647
     4.00000000        0.10000015        2.00851003        2.01534715        2.02416932        2.03784812        2.08599165
     4.10000000        0.10000013        2.00796995        2.01432536        2.02252138        2.03524067        2.08037262
     4.20000000        0.10000011        2.00703916        2.01264021        2.01987708        2.03115672        2.07189695
     4.30000000        0.10000009        2.00649619        2.01162520        2.01825579        2.02862144        2.06659969
     4.40000000        0.10000008        2.00610098        2.01089255        2.01708249        2.02675984        2.06236921
     4.50000000        0.10000007        2.00559723        2.00997829        2.01564337        2.02452376        2.05756498
     4.60000000        0.10000006        2.00512413        2.00912199        2.01429415        2.02241681        2.05290741
     4.70000000        0.10000006        2.00484251        2.00860193        2.01346079        2.02108700        2.04974452
     4.80000000        0.10000005        2.00447576        2.00793848        2.01241728        2.01946343        2.04620854
     4.90000000        0.10000005        2.00409682        2.00725734        2.01134721        2.01779181        2.04243184
     5.00000000        0.10000004        2.00383902        2.00678800        2.01060148        2.01660955        2.03963241
